time
1965
1735
1323
643
2541
2902
3018
2632
2567
2323
3826
2580
2705
3538
2982
3827
4115
5025
3545
4063
3280
4209
4644
3824
4882
4169
3327
3186
4577
4647
3452
2589
3571
2795
4646
3600
2739
3686
4434
3896
2615
4399
2050
2795
2212
1791
1741
2481
2368
3329
2963
3596
2470
2562
2717
4027
2060
2621
2491
2345
2423
3770
2102
2448
3052
2129
2828
3008
2383
3442
2792
2396
2078
2210
2299
3279
2978
3129
2804
2413
3486
3531
3048
3287
2843
2954
3187
2789
2797
4140
3268
2832
3241
3218
2966
2614
2632
3169
3027
2956
3613
2644
3069
3062
3608
3777
3161
2933
3200
3086
3623
3298
3319
3246
3024
2898
3900
3581
3480
3518
3797
3730
3446
3499
3424
3980
3770
2999
3755
3499
3807
3893
4234
3712
5161
4293
3789
3766
4837
4020
4025
4246
3661
5378
4302
4176
4046
3854
3744
4179
5299
3902
4158
4104
3900
4619
5359
4304
4575
3899
5292
5179
3968
4869
4168
4272
4194
4126
4071
4580
4617
4073
6350
6047
4718
4523
5122
4989
5310
4539
5531
4381
5110
4662
4861
5652
4329
4990
4590
4712
5130
5483
4752
4863
5287
5124
4941
5120
4443
5442
4903
5698
5694
5672
5578
5607
6030
5062
5445
5128
4857
5672
5464
5475
5435
5460
4847
5757
7330
6002
6824
6792
5587
6392
5572
5823
4995
5958
5792
5103
5192
5305
6078
7874
7008
6874
6676
6221
5843
6202
6206
6750
6205
7887
6370
6195
5891
5885
5984
6281
8743
7129
6575
6307
6667
6883
6454
8644
6663
6367
6442
7130
6918
6859
6635
6996
7438
6308
7460
6778
6010
6709
6854
6591
7136
6891
5985
6942
7376
6787
6954
6703
8416
6751
6986
7257
7111
7892
7669
6815
7702
7966
7680
7192
11344
8306
10207
8820
8152
7772
6578
8588
8330
8896
7716
7725
7290
8724
8228
8277
7943
7765
10167
8304
8650
8040
7941
8834
8748
7368
8159
9439
7196
8141
7639
7630
9273
8388
8720
10211
8957
7898
8602
8847
9712
8642
8605
7808
9971
9316
8976
8470
8229
9273
9277
9133
10450
8490
9002
8897
8931
10853
8861
9894
9172
8249
8591
8842
8576
8418
8353
9395
12636
9746
10076
9590
9171
8913
9977
9918
10262
10332
10931
9278
8676
9334
10403
11184
9525
10991
9561
10401
10133
10215
9494
9556
10488
11029
9357
11976
10962
10544
9946
11466
10630
12252
9923
11485
10528
11142
9541
10638
11495
10251
10359
12186
10374
10226
10835
10388
10420
10123
12553
10459
10765
10165
11292
10276
10567
9532
10547
9606
10539
12696
12232
10949
12186
10631
12825
12360
11554
11626
11244
11714
13122
10877
13331
14153
12646
12015
12486
11167
11699
12822
12338
11651
10447
12203
12213
14641
13647
12710
12692
11728
13122
11909
12522
14522
12876
14290
12214
12270
12874
13090
12759
12353
14321
12853
15210
13572
13020
11803
12719
12626
13444
13502
15561
13953
13604
14135
13017
11471
11893
12247
13039
12558
15294
13618
13409
13323
13403
12276
13646
14132
12584
14155
13816
13208
13264
14478
14871
11841
14815
14050
12644
12954
13209
13323
12431
14847
14648
14523
14907
13713
15094
16765
16012
13677
12795
13510
13359
15535
14165
14750
14932
13741
15341
15495
15235
14444
13102
14874
16013
16274
14039
14567
15241
14517
16628
16540
15419
15982
14614
14063
16972
16789
17412
17172
18345
17054
14697
15780
18333
13335
17008
16119
16942
16885
16997
16996
16962
15454
16600
16967
15786
16274
14953
15609
16301
15545
15990
16001
14323
16483
15198
18050
15166
15084
13761
15692
17710
15757
15295
15459
18690
17993
16465
15904
17009
15787
16001
17634
16031
16039
17193
15438
15648
15462
18683
18029
17961
16215
20169
17833
18641
16706
19146
17322
17184
16392
18034
16656
17622
16371
18212
15856
18997
18298
17758
17118
15934
19275
17309
18977
18500
17226
18773
17002
15912
17404
17943
18598
18445
17974
17016
18481
16659
17853
18622
18676
19630
18714
18439
16583
17790
19224
17947
19301
16325
18982
18254
19278
19518
18032
18015
19137
19590
19231
20172
16366
20112
19555
18043
18062
18490
19500
19782
19936
22141
17813
18434
18104
19913
18616
18010
20829
20022
17272
20959
18536
18936
19287
19134
19014
19006
20157
20020
21329
18628
18363
22667
19720
20614
19589
20884
19996
19176
20407
21985
21719
20099
19449
22714
20992
22053
21026
19915
22318
19717
19902
20200
20845
19312
19550
20710
19664
17615
21468
21536
21322
20429
19823
22662
21844
19332
20563
20093
20165
21099
21296
20876
21408
22004
21521
20298
21026
22534
24622
23471
21826
30249
22972
22131
21731
19962
20329
20065
21803
20492
23852
21598
24302
22604
20708
21455
20293
22995
20772
21852
23598
23398
24550
22827
22515
22020
20978
22510
21791
23442
23712
20733
23026
21758
25475
22739
22950
22967
24039
23539
21363
21906
23625
22750
23698
23344
24208
23100
21287
22812
23208
21577
22853
22029
22727
23348
23267
21682
22322
24140
22460
24833
23360
23480
23640
23249
22382
23783
23465
21738
24051
23356
25129
21501
23817
24500
22825
24530
23031
23807
24329
24265
25080
23220
22360
23620
23423
23338
22945
26011
26221
23982
23852
23020
22911
25363
25179
24943
24821
26944
22273
26832
24912
25598
24054
23693
21412
24496
23909
26321
25343
25795
25456
25077
27091
24760
25243
25611
23396
25235
25219
26490
27535
25450
23415
24595
27184
23651
23185
28120
25837
26129
24699
24966
24249
26693
26315
28683
26693
24061
26544
24893
26128
24151
26703
25026
26109
25805
23411
26001
25277
25002
25126
25392
27148
25256
25425
26602
26958
27236
25058
27542
26558
26860
29368
26993
26902
26692
27560
27321
27786
24897
27242
25416
26032
28319
27297
26109
25466
26122
25462
27052
26634
26122
25108
26743
26845
25548
28666
27158
26780
26999
27599
26403
25459
28595
25960
27583
27421
25379
27501
27544
28183
27380
28153
27771
25280
26989
30136
26066
26623
28616
29948
26492
27999
29727
28014
31229
27297
29185
30056
29250
28428
27481
27042
26036
25337
28426
28295
30315
27640
28528
30604
28335
30272
28435
29671
